# omega0=1, alpha=0.233
# theta0=0.8, theta_dot0=0
# t_start=0, t_end=50, h=0.00911928
#   t          x(t)                 v(t)       
0  8.000000000000000e-01  0.000000000000000e+00
9.119282013323059e-02 7.978647130084987e-01 -4.664829934653904e-02
1.823856402664613e-01 7.915278240441728e-01 -9.211896768436265e-02
2.735784603996920e-01 7.811044806557296e-01 -1.362428106451586e-01
3.647712805329227e-01 7.667250471699967e-01 -1.788549190996341e-01
4.559641006661534e-01 7.485348083996826e-01 -2.197926915808956e-01
5.471569207993838e-01 7.266938264838991e-01 -2.588944666835292e-01
6.383497409326140e-01 7.013768919953618e-01 -2.959988322152797e-01
7.295425610658441e-01 6.727735055589965e-01 -3.309446512577278e-01
8.207353811990743e-01 6.410878238530826e-01 -3.635718166719590e-01
9.119282013323045e-01 6.065385042011977e-01 -3.937227147609087e-01
1.003121021465535e+00 5.693583852017108e-01 -4.212443460990659e-01
1.094313841598765e+00 5.297939471136401e-01 -4.459910179256457e-01
1.185506661731995e+00 4.881045050376995e-01 -4.678274895880671e-01
1.276699481865225e+00 4.445611001387740e-01 -4.866324225105472e-01
1.367892301998455e+00 3.994450688713641e-01 -5.023019616194476e-01
1.459085122131685e+00 3.530462867721743e-01 -5.147532587384723e-01
1.550277942264916e+00 3.056611010213191e-01 -5.239277425445694e-01
1.641470762398146e+00 2.575899836044670e-01 -5.297939459457894e-01
1.732663582531376e+00 2.091349533812286e-01 -5.323497208775912e-01
1.823856402664606e+00 1.605968295238009e-01 -5.316237019243738e-01
1.915049222797836e+00 1.122723895926140e-01 -5.276759219371255e-01
2.006242042931067e+00 6.445151215251103e-02 -5.205975318135004e-01
2.097434863064297e+00 1.741438582175463e-02 -5.105096288328177e-01
2.188627683197527e+00 -2.857113610784567e-02 -4.975612489886200e-01
2.279820503330757e+00 -7.325196353309456e-02 -4.819266243651788e-01
2.371013323463987e+00 -1.163919188985131e-01 -4.638018431495483e-01
2.462206143597217e+00 -1.577735608465711e-01 -4.434010748164593e-01
2.553398963730448e+00 -1.971996504268036e-01 -4.209525351399729e-01
2.644591783863678e+00 -2.344942441248813e-01 -3.966943650958624e-01
2.735784603996908e+00 -2.695034133793034e-01 -3.708705857489578e-01
2.826977424130138e+00 -3.020956041320669e-01 -3.437272701102493e-01
2.918170244263368e+00 -3.321616616011947e-01 -3.155090454823409e-01
3.009363064396598e+00 -3.596145544220842e-01 -2.864560089327869e-01
3.100555884529828e+00 -3.843888383987067e-01 -2.568011070123751e-01
3.191748704663059e+00 -4.064399033869474e-01 -2.267680010143218e-01
3.282941524796289e+00 -4.257430475414177e-01 -1.965694127226157e-01
3.374134344929519e+00 -4.422924216678040e-01 -1.664059238733691e-01
3.465327165062749e+00 -4.560998831865756e-01 -1.364651860120734e-01
3.556519985195979e+00 -4.671937947094292e-01 -1.069214861306210e-01
3.647712805329209e+00 -4.756177969228237e-01 -7.793560708603052e-02
3.738905625462440e+00 -4.814295797866974e-01 -4.965491975490793e-02
3.830098445595670e+00 -4.846996703537468e-01 -2.221364543725423e-02
3.921291265728900e+00 -4.855102500891806e-01 4.266768585497330e-03
4.012484085862130e+00 -4.839540096460287e-01 2.967721096623727e-02
4.103676905995361e+00 -4.801330447840891e-01 5.392044845821510e-02
4.194869726128591e+00 -4.741577936094144e-01 7.691068247543993e-02
4.286062546261821e+00 -4.661460126032104e-01 9.857314528695499e-02
4.377255366395051e+00 -4.562217870092231e-01 1.188437523253069e-01
4.468448186528281e+00 -4.445145700280012e-01 1.376688188119056e-01
4.559641006661511e+00 -4.311582448682640e-01 1.550048413723428e-01
4.650833826794742e+00 -4.162902039519054e-01 1.708183387405483e-01
4.742026646927972e+00 -4.000504403652977e-01 1.850857401884746e-01
4.833219467061202e+00 -3.825806478887240e-01 1.977933060783454e-01
4.924412287194432e+00 -3.640233275031355e-01 2.089370619836275e-01
5.015605107327662e+00 -3.445209000501434e-01 2.185227261843133e-01
5.106797927460892e+00 -3.242148265884829e-01 2.265656099871351e-01
5.197990747594122e+00 -3.032447398338327e-01 2.330904711799788e-01
5.289183567727353e+00 -2.817475917832080e-01 2.381313028832877e-01
5.380376387860583e+00 -2.598568241174345e-01 2.417310429473840e-01
5.471569207993813e+00 -2.377015691692309e-01 2.439411926639451e-01
5.562762028127043e+00 -2.154058900835151e-01 2.448213376853944e-01
5.653954848260273e+00 -1.930880692455126e-01 2.444385684354484e-01
5.745147668393503e+00 -1.708599540981694e-01 2.428668017040463e-01
5.836340488526734e+00 -1.488263691220326e-01 2.401860093201647e-01
5.927533308659964e+00 -1.270846020368032e-01 2.364813635832614e-01
6.018726128793194e+00 -1.057239712497175e-01 2.318423123431592e-01
6.109918948926424e+00 -8.482548028028584e-02 2.263615991302311e-01
6.201111769059654e+00 -6.446156340078667e-02 2.201342454843374e-01
6.292304589192884e+00 -4.469592511827524e-02 2.132565135940918e-01
6.383497409326115e+00 -2.558347445720171e-02 2.058248675662439e-01
6.474690229459345e+00 -7.170353348041060e-03 1.979349511663488e-01
6.565883049592575e+00 1.050594315503503e-02 1.896805988047705e-01
6.657075869725805e+00 2.741635856707789e-02 1.811528950045187e-01
6.748268689859035e+00 4.353998362133232e-02 1.724392957067340e-01
6.839461509992265e+00 5.886368804323031e-02 1.636228226725321e-01
6.930654330125495e+00 7.338168254531773e-02 1.547813400443718e-01
7.021847150258726e+00 8.709501886523568e-02 1.459869199391390e-01
7.113039970391956e+00 1.000110361987723e-01 1.373053018428284e-01
7.204232790525186e+00 1.121427627247025e-01 1.287954486262895e-01
7.295425610658416e+00 1.235082810935909e-01 1.205092002454757e-01
7.386618430791646e+00 1.341300667778631e-01 1.124910246512268e-01
7.477811250924876e+00 1.440343080755243e-01 1.047778641195058e-01
7.569004071058107e+00 1.532502163451554e-01 9.739907411660334e-02
7.660196891191337e+00 1.618093347444240e-01 9.037645091883875e-02
7.751389711324567e+00 1.697448533656776e-01 8.372434349019513e-02
7.842582531457797e+00 1.770909382254071e-01 7.744984455853313e-02
7.933775351591027e+00 1.838820810822617e-01 7.155305539546467e-02
8.024968171724257e+00 1.901524765413284e-01 6.602741847214438e-02
8.116160991857488e+00 1.959354323589249e-01 6.086011191165810e-02
8.207353811990718e+00 2.012628182987691e-01 5.603249947069071e-02
8.298546632123948e+00 2.061645583122226e-01 5.152062964524406e-02
8.389739452257178e+00 2.106681702264810e-01 4.729577739793995e-02
8.480932272390408e+00 2.147983565285139e-01 4.332502194216772e-02
8.572125092523638e+00 2.185766492322926e-01 3.957185398839987e-02
8.663317912656868e+00 2.220211112153069e-01 3.599680586016057e-02
8.754510732790099e+00 2.251460958105473e-01 3.255809792276238e-02
8.845703552923329e+00 2.279620658451584e-01 2.921229483928144e-02
8.936896373056559e+00 2.304754727302308e-01 2.591496527777467e-02
9.028089193189789e+00 2.326886956312740e-01 2.262133884353604e-02
9.119282013323019e+00 2.346000401895288e-01 1.928695420147500e-02
9.210474833456249e+00 2.362037957242448e-01 1.586829258652060e-02
9.301667653589480e+00 2.374903493290836e-01 1.232339117292887e-02
9.392860473722710e+00 2.384463547854743e-01 8.612431083598739e-03
9.484053293855940e+00 2.390549537552318e-01 4.698295163573516e-03
9.575246113989170e+00 2.392960462868063e-01 5.470910120335762e-04
9.666438934122400e+00 2.391466072763148e-01 -3.871364842652556e-03
9.757631754255630e+00 2.385810451675037e-01 -8.583105337583340e-03
9.848824574388860e+00 2.375715988547698e-01 -1.360961714546775e-02
9.940017394522091e+00 2.360887684703500e-01 -1.896749372270008e-02
1.003121021465532e+01 2.341017754901103e-01 -2.466813964537444e-02
1.012240303478855e+01 2.315790473807401e-01 -3.071752836769871e-02
1.021359585492178e+01 2.284887218328457e-01 -3.711601518273289e-02
1.030478867505501e+01 2.247991654774224e-01 -4.385820683360268e-02
1.039598149518824e+01 2.204795018654134e-01 -5.093288891326797e-02
1.048717431532147e+01 2.155001433997294e-01 -5.832301189840788e-02
1.057836713545470e+01 2.098333218449045e-01 -6.600573638068870e-02
1.066955995558793e+01 2.034536120010324e-01 -7.395253777623341e-02
1.076075277572116e+01 1.963384431163404e-01 -8.212937049850154e-02
1.085194559585439e+01 1.884685926285952e-01 -9.049689125605767e-02
1.094313841598762e+01 1.798286568727796e-01 -9.901074076892455e-02
1.103433123612085e+01 1.704074934758708e-01 -1.076218827697187e-01
1.112552405625408e+01 1.601986302851907e-01 -1.162769986546037e-01
1.121671687638731e+01 1.492006358519210e-01 -1.249189355636440e-01
1.130790969652054e+01 1.374174467239664e-01 -1.334872049947414e-01
1.139910251665377e+01 1.248586471006292e-01 -1.419185282908352e-01
1.149029533678700e+01 1.115396967733224e-01 -1.501474244951941e-01
1.158148815692023e+01 9.748210372838069e-02 -1.581068351619536e-01
1.167268097705346e+01 8.271353832452506e-02 -1.657287797653839e-01
1.176387379718669e+01 6.726788658039175e-02 -1.729450344075366e-01
1.185506661731992e+01 5.118524081483819e-02 -1.796878256237613e-01
1.194625943745315e+01 3.451182666824715e-02 -1.858905302791697e-01
1.203745225758638e+01 1.729986638579472e-02 -1.914883718900708e-01
1.212864507771961e+01 -3.926208522825577e-04 -1.964191032466206e-01
1.221983789785284e+01 -1.850207983368263e-02 -2.006236650067164e-01
1.231103071798607e+01 -3.695973879017845e-02 -2.040468100192035e-01
1.240222353811930e+01 -5.569198386908362e-02 -2.066376835476823e-01
1.249341635825254e+01 -7.462078415769280e-02 -2.083503503203452e-01
1.258460917838577e+01 -9.366416203811666e-02 -2.091442604239839e-01
1.267580199851900e+01 -1.127367029840285e-01 -2.089846474696119e-01
1.276699481865223e+01 -1.317500983863716e-01 -2.078428541411318e-01
1.285818763878546e+01 -1.506137146344641e-01 -2.056965821366029e-01
1.294938045891869e+01 -1.692351814983366e-01 -2.025300655475071e-01
1.304057327905192e+01 -1.875209928661438e-01 -1.983341688068011e-01
1.313176609918515e+01 -2.053771130873535e-01 -1.931064123767133e-01
1.322295891931838e+01 -2.227095825496045e-01 -1.868509312465894e-01
1.331415173945161e+01 -2.394251166576443e-01 -1.795783729791230e-01
1.340534455958484e+01 -2.554316930617427e-01 -1.713057434001911e-01
1.349653737971807e+01 -2.706391227690052e-01 -1.620562090088522e-01
1.358773019985130e+01 -2.849596016276030e-01 -1.518588657444938e-01
1.367892301998453e+01 -2.983082395614399e-01 -1.407484838635218e-01
1.377011584011776e+01 -3.106035658103548e-01 -1.287652383462567e-01
1.386130866025099e+01 -3.217680092585493e-01 -1.159544334950609e-01
1.395250148038422e+01 -3.317283536741351e-01 -1.023662292358748e-01
1.404369430051745e+01 -3.404161683024449e-01 -8.805537515269304e-02
1.413488712065068e+01 -3.477682147276353e-01 -7.308095653681906e-02
1.422607994078391e+01 -3.537268312204927e-01 -5.750615479849103e-02
1.431727276091714e+01 -3.582402959120421e-01 -4.139802255241430e-02
1.440846558105037e+01 -3.612631700672579e-01 -2.482727163857655e-02
1.449965840118360e+01 -3.627566224836259e-01 -7.868070363397846e-03
1.459085122131683e+01 -3.626887356161578e-01 9.402155570418989e-03
1.468204404145006e+01 -3.610347934520607e-01 2.690292555225180e-02
1.477323686158329e+01 -3.577775504501226e-01 4.455091833484048e-02
1.486442968171652e+01 -3.529074800541648e-01 6.226020732467061e-02
1.495562250184975e+01 -3.464230004246510e-01 7.994252655296699e-02
1.504681532198298e+01 -3.383306741507416e-01 9.750757691913173e-02
1.513800814211621e+01 -3.286453778536077e-01 1.148633816984570e-01
1.522920096224944e+01 -3.173904368200287e-01 1.319166991567411e-01
1.532039378238267e+01 -3.045977191633910e-01 1.485734984170190e-01
1.541158660251590e+01 -2.903076835462671e-01 1.647395025023299e-01
1.550277942264913e+01 -2.745693742604293e-01 1.803207997842563e-01
1.559397224278236e+01 -2.574403574861589e-01 1.952245219800372e-01
1.568516506291559e+01 -2.389865928740458e-01 2.093595834718561e-01
1.577635788304882e+01 -2.192822352287087e-01 2.226374732104258e-01
1.586755070318205e+01 -1.984093620305878e-01 2.349730869773991e-01
1.595874352331528e+01 -1.764576237986234e-01 2.462855845034810e-01
1.604993634344851e+01 -1.535238158451546e-01 2.564992530680806e-01
1.614112916358174e+01 -1.297113717587265e-01 2.655443569371533e-01
1.623232198371497e+01 -1.051297809074012e-01 2.733579505082839e-01
1.632351480384820e+01 -7.989393430629073e-02 2.798846324751157e-01
1.641470762398143e+01 -5.412340524835002e-02 2.850772188008007e-01
1.650590044411466e+01 -2.794167306007674e-02 2.888973138482553e-01
1.659709326424789e+01 -1.475300115532644e-03 2.913157616330486e-01
1.668828608438112e+01 2.514692627001555e-02 2.923129627517328e-01
1.677947890451435e+01 5.179487432314010e-02 2.918790469352685e-01
1.687067172464758e+01 7.833795723566216e-02 2.900138961652640e-01
1.696186454478081e+01 1.046460178714245e-01 2.867270186062478e-01
1.705305736491404e+01 1.305901953674336e-01 2.820372789600886e-01
1.714425018504727e+01 1.560437609870052e-01 2.759724959443372e-01
1.723544300518050e+01 1.808829117714901e-01 2.685689221576756e-01
1.732663582531373e+01 2.049875121084394e-01 2.598706253837696e-01
1.741782864544696e+01 2.282417752082866e-01 2.499287932151829e-01
1.750902146558019e+01 2.505348785655124e-01 2.388009846329054e-01
1.760021428571342e+01 2.717615096729040e-01 2.265503528065136e-01
1.769140710584665e+01 2.918223404568727e-01 2.132448629064841e-01
1.778259992597988e+01 3.106244310106480e-01 1.989565272276406e-01
1.787379274611311e+01 3.280815651334130e-01 1.837606775461451e-01
1.796498556624634e+01 3.441145218640940e-01 1.677352915437929e-01
1.805617838637957e+01 3.586512885723379e-01 1.509603865261817e-01
1.814737120651280e+01 3.716272221980612e-01 1.335174897359944e-01
1.823856402664603e+01 3.829851658947674e-01 1.154891905134329e-01
1.832975684677927e+01 3.926755286275804e-01 9.695877556064038e-02
1.842094966691250e+01 4.006563352167839e-01 7.800994478022391e-02
1.851214248704573e+01 4.068932539266321e-01 5.872660170693709e-02
1.860333530717896e+01 4.113596080126252e-01 3.919270953526987e-02
1.869452812731219e+01 4.140363767014852e-01 1.949220123645974e-02
1.878572094744542e+01 4.149121899353206e-01 -2.910696950061882e-04
1.887691376757865e+01 4.139833199171097e-01 -2.007335269399024e-02
1.896810658771188e+01 4.112536711026649e-01 -3.977101337551150e-02
1.905929940784511e+01 4.067347688493831e-01 -5.930055235392185e-02
1.915049222797834e+01 4.004457455086804e-01 -7.857864498028694e-02
1.924168504811157e+01 3.924133213903208e-01 -9.752221635219929e-02
1.933287786824480e+01 3.826717767842984e-01 -1.160485644034103e-01
1.942407068837803e+01 3.712629101483557e-01 -1.340755418158378e-01
1.951526350851126e+01 3.582359767019103e-01 -1.515218049583699e-01
1.960645632864449e+01 3.436476010507184e-01 -1.683071351044065e-01
1.969764914877772e+01 3.275616571354686e-01 -1.843528338894459e-01
1.978884196891095e+01 3.100491087783066e-01 -1.995821914369761e-01
1.988003478904418e+01 2.911878044109990e-01 -2.139210219219295e-01
1.997122760917741e+01 2.710622202124452e-01 -2.272982576925195e-01
2.006242042931064e+01 2.497631468537044e-01 -2.396465895869344e-01
2.015361324944387e+01 2.273873163231755e-01 -2.509031379261283e-01
2.024480606957710e+01 2.040369668453684e-01 -2.610101360061217e-01
2.033599888971033e+01 1.798193456610158e-01 -2.699156059139632e-01
2.042719170984356e+01 1.548461513373783e-01 -2.775740052928988e-01
2.051838452997679e+01 1.292329192471430e-01 -2.839468233949236e-01
2.060957735011002e+01 1.030983558057702e-01 -2.890031054501597e-01
2.070077017024325e+01 7.656362890016112e-02 -2.927198860671843e-01
2.079196299037648e+01 4.975162358704142e-02 -2.950825150127250e-01
2.088315581050971e+01 2.278617350517365e-02 -2.960848621991924e-01
2.097434863064294e+01 -4.208720538798066e-03 -2.957293928742371e-01
2.106554145077617e+01 -3.110967273879693e-02 -2.940271086504225e-01
2.115673427090940e+01 -5.779468296392239e-02 -2.909973548938823e-01
2.124792709104263e+01 -8.414388396112554e-02 -2.866674998502012e-01
2.133911991117586e+01 -1.100402538102633e-01 -2.810724954672273e-01
2.143031273130909e+01 -1.353702834542789e-01 -2.742543339418598e-01
2.152150555144232e+01 -1.600245905654154e-01 -2.662614173718025e-01
2.161269837157555e+01 -1.838984727139696e-01 -2.571478603844916e-01
2.170389119170878e+01 -2.068923946958403e-01 -2.469727471527733e-01
2.179508401184201e+01 -2.289124068602124e-01 -2.357993647605307e-01
2.188627683197524e+01 -2.498704932703315e-01 -2.236944344803605e-01
2.197746965210847e+01 -2.696848504447297e-01 -2.107273612507824e-01
2.206866247224170e+01 -2.882800991891586e-01 -1.969695196152831e-01
2.215985529237493e+01 -3.055874335791717e-01 -1.824935917620948e-01
2.225104811250816e+01 -3.215447124428551e-01 -1.673729702504390e-01
2.234224093264139e+01 -3.360964996912763e-01 -1.516812346979986e-01
2.243343375277462e+01 -3.491940605349143e-01 -1.354917083000834e-01
2.252462657290785e+01 -3.607953210060222e-01 -1.188770967016190e-01
2.261581939304108e+01 -3.708647982905349e-01 -1.019092085748718e-01
2.270701221317431e+01 -3.793735091800504e-01 -8.465875436951950e-02
2.279820503330754e+01 -3.862988635139212e-01 -6.719521717195980e-02
2.288939785344077e+01 -3.916245488285407e-01 -4.958678748750291e-02
2.298059067357400e+01 -3.953404116040065e-01 -3.190035207016752e-02
2.307178349370723e+01 -3.974423395376438e-01 -1.420152567975097e-02
2.316297631384046e+01 -3.979321482197445e-01 3.445286160020494e-03
2.325416913397369e+01 -3.968174744787378e-01 2.097680571013181e-02
2.334536195410692e+01 -3.941116775386047e-01 3.833079515890543e-02
2.343655477424015e+01 -3.898337480261870e-01 5.544597424875751e-02
2.352774759437338e+01 -3.840082238131949e-01 7.226195453207504e-02
2.361894041450661e+01 -3.766651107075579e-01 8.871920033762432e-02
2.371013323463984e+01 -3.678398051489569e-01 1.047590251779048e-01
2.380132605477307e+01 -3.575730153386174e-01 1.203236307224600e-01
2.389251887490630e+01 -3.459106766653384e-01 1.353561936385359e-01
2.398371169503953e+01 -3.329038568963419e-01 1.498010035994267e-01
2.407490451517276e+01 -3.186086463969574e-01 1.636036536291956e-01
2.416609733530600e+01 -3.030860286369120e-01 1.767112817441639e-01
2.425729015543923e+01 -2.864017264373163e-01 1.890728606282848e-01
2.434848297557246e+01 -2.686260198095788e-01 2.006395299102932e-01
2.443967579570569e+01 -2.498335318271559e-01 2.113649635705386e-01
2.453086861583892e+01 -2.301029797378442e-01 2.212057631736020e-01
2.462206143597215e+01 -2.095168894456753e-01 2.301218660784939e-01
2.471325425610538e+01 -1.881612725376393e-01 2.380769565968166e-01
2.480444707623861e+01 -1.661252661652553e-01 2.450388673172788e-01
2.489563989637184e+01 -1.435007372727306e-01 2.509799575448972e-01
2.498683271650507e+01 -1.203818538464687e-01 2.558774560487226e-01
2.507802553663830e+01 -9.686462699730682e-02 2.597137560835748e-01
2.516921835677153e+01 -7.304642872960891e-02 2.624766519337521e-01
2.526041117690476e+01 -4.902549115534612e-02 2.641595079776691e-01
2.535160399703799e+01 -2.490039363676971e-02 2.647613534232983e-01
2.544279681717122e+01 -7.695448557886982e-04 2.642868983232781e-01
2.553398963730445e+01 2.326933291148206e-02 2.627464691352167e-01
2.562518245743768e+01 4.711971000284224e-02 2.601558648246531e-01
2.571637527757091e+01 7.068673896267824e-02 2.565361371884284e-01
2.580756809770414e+01 9.387772087246014e-02 2.519133015813875e-01
2.589876091783737e+01 1.166025424398699e-01 2.463179864471400e-01
2.598995373797060e+01 1.387740787203786e-01 2.397850318896894e-01
2.608114655810383e+01 1.603085573453331e-01 2.323530489059822e-01
2.617233937823706e+01 1.811258812345520e-01 2.240639517852350e-01
2.626353219837029e+01 2.011499079327211e-01 2.149624765524556e-01
2.635472501850352e+01 2.203086848808948e-01 2.050956982010536e-01
2.644591783863675e+01 2.385346410725837e-01 1.945125588572447e-01
2.653711065876998e+01 2.557647366077577e-01 1.832634180017035e-01
2.662830347890321e+01 2.719405726128564e-01 1.713996345112255e-01
2.671949629903644e+01 2.870084648126252e-01 1.589731886541682e-01
2.681068911916967e+01 3.009194846997870e-01 1.460363503613012e-01
2.690188193930290e+01 3.136294727382761e-01 1.326413981805865e-01
2.699307475943613e+01 3.250990283493773e-01 1.188403913873356e-01
2.708426757956936e+01 3.352934815686228e-01 1.046849958288410e-01
2.717546039970259e+01 3.441828512315505e-01 9.022636229325420e-02
2.726665321983582e+01 3.517417943600211e-01 7.551505455309585e-02
2.735784603996905e+01 3.579495510931122e-01 6.060102277981309e-02
2.744903886010228e+01 3.627898890557776e-01 4.553361678204015e-02
2.754023168023551e+01 3.662510505043970e-01 3.036163250202025e-02
2.763142450036874e+01 3.683257049520342e-01 1.513338441958881e-02
2.772261732050197e+01 3.690109092790278e-01 -1.032040372958493e-04
2.781381014063520e+01 3.683080765977452e-01 -1.530050029511285e-02
2.790500296076843e+01 3.662229543848532e-01 -3.041106096267395e-02
2.799619578090166e+01 3.627656116405458e-01 -4.538753687072069e-02
2.808738860103489e+01 3.579504341013861e-01 -6.018259267379610e-02
2.817858142116812e+01 3.517961258404729e-01 -7.474884832853444e-02
2.826977424130135e+01 3.443257149533857e-01 -8.903884903555430e-02
2.836096706143458e+01 3.355665604676575e-01 -1.030050693260720e-01
2.845215988156781e+01 3.255503571431131e-01 -1.165999559026878e-01
2.854335270170104e+01 3.143131344646550e-01 -1.297760126231485e-01
2.863454552183427e+01 3.018952458806708e-01 -1.424859296670047e-01
2.872573834196750e+01 2.883413442197080e-01 -1.546827574738753e-01
2.881693116210073e+01 2.737003392333673e-01 -1.663201245203161e-01
2.890812398223396e+01 2.580253333692168e-01 -1.773524964482069e-01
2.899931680236719e+01 2.413735321749278e-01 -1.877354725154695e-01
2.909050962250042e+01 2.238061261704277e-01 -1.974261138596250e-01
2.918170244263365e+01 2.053881415906065e-01 -2.063832967000957e-01
2.927289526276688e+01 1.861882580838941e-01 -2.145680824121085e-01
2.936408808290011e+01 1.662785922336802e-01 -2.219440954386877e-01
2.945528090303334e+01 1.457344466270250e-01 -2.284778993186947e-01
2.954647372316657e+01 1.246340251010064e-01 -2.341393607419107e-01
2.963766654329980e+01 1.030581157204559e-01 -2.389019915295788e-01
2.972885936343303e+01 8.108974394845182e-02 -2.427432587993801e-01
2.982005218356626e+01 5.881379932852043e-02 -2.456448543096261e-01
2.991124500369950e+01 3.631663977139925e-02 -2.475929150724561e-01
3.000243782383273e+01 1.368567819813836e-02 -2.485781887453231e-01
3.009363064396596e+01 -8.991043192076983e-03 -2.485961390016064e-01
3.018482346409919e+01 -3.162528540852567e-02 -2.476469879768589e-01
3.027601628423242e+01 -5.412904611581455e-02 -2.457356949069901e-01
3.036720910436565e+01 -7.641498826008830e-02 -2.428718721309971e-01
3.045840192449888e+01 -9.839685829266387e-02 -2.390696416335792e-01
3.054959474463211e+01 -1.199898887850162e-01 -2.343474371648158e-01
3.064078756476534e+01 -1.411111807651953e-01 -2.287277586156938e-01
3.073198038489857e+01 -1.616800617789716e-01 -2.222368866827224e-01
3.082317320503180e+01 -1.816184164606383e-01 -2.149045668711689e-01
3.091436602516503e+01 -2.008509872559786e-01 -2.067636725318175e-01
3.100555884529826e+01 -2.193056438388270e-01 -1.978498568869367e-01
3.109675166543149e+01 -2.369136206679534e-01 -1.882012038824120e-01
3.118794448556472e+01 -2.536097230089417e-01 -1.778578872269125e-01
3.127913730569795e+01 -2.693325025653190e-01 -1.668618461821632e-01
3.137033012583118e+01 -2.840244045972686e-01 -1.552564855987561e-01
3.146152294596441e+01 -2.976318890324498e-01 -1.430864064049532e-01
3.155271576609764e+01 -3.101055285746100e-01 -1.303971713110786e-01
3.164390858623087e+01 -3.214000871801693e-01 -1.172351089494724e-01
3.173510140636410e+01 -3.314745824945309e-01 -1.036471580874216e-01
3.182629422649733e+01 -3.402923359173552e-01 -8.968075198134362e-02
3.191748704663056e+01 -3.478210139028538e-01 -7.538374143207470e-02
3.200867986676379e+01 -3.540326639047593e-01 -6.080435369381806e-02
3.209987268689702e+01 -3.589037480567928e-01 -4.599118311648365e-02
3.219106550703025e+01 -3.624151772517026e-01 -3.099320828934131e-02
3.228225832716348e+01 -3.645523477609668e-01 -1.585982952362085e-02
3.237345114729671e+01 -3.653051819402943e-01 -6.409197782671749e-04
3.246464396742994e+01 -3.646681739116480e-01 1.461311839229250e-02
3.255583678756317e+01 -3.626404404199898e-01 2.985129759880057e-02
3.264702960769640e+01 -3.592257763522872e-01 4.502199990440475e-02
3.273822242782963e+01 -3.544327136978982e-01 6.007294831938544e-02
3.282941524796286e+01 -3.482745820438750e-01 7.495120282059095e-02
3.292060806809609e+01 -3.407695680566095e-01 8.960318762350895e-02
3.301180088822932e+01 -3.319407708230271e-01 1.039747556238237e-01
3.310299370836255e+01 -3.218162494301156e-01 1.180112949001922e-01
3.319418652849578e+01 -3.104290587699350e-01 1.316578809437257e-01
3.328537934862901e+01 -2.978172692858951e-01 1.448594768716634e-01
3.337657216876224e+01 -2.840239662404241e-01 1.575611823200262e-01
3.346776498889547e+01 -2.690972240967238e-01 1.697085300283706e-01
3.355895780902870e+01 -2.530900517769842e-01 1.812478273740521e-01
3.365015062916194e+01 -2.360603048905821e-01 1.921265383376527e-01
3.374134344929517e+01 -2.180705615174428e-01 2.022936996476394e-01
3.383253626942840e+01 -1.991879587769872e-01 2.117003632294935e-01
3.392372908956163e+01 -1.794839881985262e-01 2.203000556447621e-01
3.401492190969486e+01 -1.590342488145919e-01 2.280492440211259e-01
3.410611472982809e+01 -1.379181578980739e-01 2.349077971138537e-01
3.419730754996132e+01 -1.162186203248256e-01 2.408394296612993e-01
3.428850037009455e+01 -9.402165862851888e-02 2.458121181481409e-01
3.437969319022778e+01 -7.141600688340309e-02 2.497984764976569e-01
3.447088601036101e+01 -4.849267256120330e-02 2.527760810847645e-01
3.456207883049424e+01 -2.534447141905122e-02 2.547277357772842e-01
3.465327165062747e+01 -2.065541247223997e-03 2.556416694319090e-01
3.474446447076070e+01 2.124915909540251e-02 2.555116603282024e-01
3.483565729089393e+01 4.450435853092331e-02 2.543370843327170e-01
3.492685011102716e+01 6.760498348858721e-02 2.521228860442267e-01
3.501804293116039e+01 9.045666154489619e-02 2.488794746684828e-01
3.510923575129362e+01 1.129662122857779e-01 2.446225487921758e-01
3.520042857142685e+01 1.350421191829394e-01 2.393728564604012e-01
3.529162139156008e+01 1.565949769518935e-01 2.331558989103435e-01
3.538281421169331e+01 1.775379096959446e-01 2.260015878933789e-01
3.547400703182654e+01 1.977869561020136e-01 2.179438676670274e-01
3.556519985195977e+01 2.172614189994446e-01 2.090203134199232e-01
3.565639267209300e+01 2.358841776785032e-01 1.992717180950704e-01
3.574758549222623e+01 2.535819624477632e-01 1.887416793110893e-01
3.583877831235946e+01 2.702855919477378e-01 1.774761973815834e-01
3.592997113249269e+01 2.859301746945823e-01 1.655232943507381e-01
3.602116395262592e+01 3.004552771704808e-01 1.529326625637369e-01
3.611235677275915e+01 3.138050614807905e-01 1.397553496469816e-01
3.620354959289238e+01 3.259283961433838e-01 1.260434849625716e-01
3.629474241302561e+01 3.367789439511978e-01 1.118500507005418e-01
3.638593523315884e+01 3.463152310498665e-01 9.722869885331033e-02
3.647712805329207e+01 3.545007013998644e-01 8.223361344509512e-02
3.656832087342530e+01 3.613037606538160e-01 6.691941562162920e-02
3.665951369355853e+01 3.666978131862685e-01 5.134110758987932e-02
3.675070651369176e+01 3.706612955809505e-01 3.555404997189444e-02
3.684189933382499e+01 3.731777093280705e-01 1.961396593093636e-02
3.693309215395822e+01 3.742356548326480e-01 3.576964463629970e-03
3.702428497409145e+01 3.738288681069838e-01 -1.250042545538054e-02
3.711547779422468e+01 3.719562607401355e-01 -2.856121862936143e-02
3.720667061435791e+01 3.686219629294016e-01 -4.454794421452814e-02
3.729786343449114e+01 3.638353685485050e-01 -6.040263192083141e-02
3.738905625462437e+01 3.576111804397130e-01 -7.606682225576428e-02
3.748024907475760e+01 3.499694533777389e-01 -9.148160856464028e-02
3.757144189489083e+01 3.409356314866860e-01 -1.065877176893607e-01
3.766263471502406e+01 3.305405763214242e-01 -1.213256348803810e-01
3.775382753515729e+01 3.188205813742109e-01 -1.356357771713607e-01
3.784502035529052e+01 3.058173684566579e-01 -1.494587177884875e-01
3.793621317542375e+01 2.915780612541677e-01 -1.627354623514367e-01
3.802740599555698e+01 2.761551313689285e-01 -1.754077756752360e-01
3.811859881569021e+01 2.596063123681144e-01 -1.874185559575016e-01
3.820979163582344e+01 2.419944777401996e-01 -1.987122510995111e-01
3.830098445595667e+01 2.233874792319032e-01 -2.092353099374565e-01
3.839217727608990e+01 2.038579427817368e-01 -2.189366593338031e-01
3.848337009622313e+01 1.834830201662562e-01 -2.277681964831559e-01
3.857456291635636e+01 1.623440955070168e-01 -2.356852845064142e-01
3.866575573648959e+01 1.405264469175582e-01 -2.426472385189246e-01
3.875694855662282e+01 1.181188647616156e-01 -2.486177889284259e-01
3.884814137675605e+01 9.521322920203022e-02 -2.535655087947855e-01
3.893933419688928e+01 7.190405089702505e-02 -2.574641926912332e-01
3.903052701702251e+01 4.828797979798320e-02 -2.602931756449564e-01
3.912171983715574e+01 2.446328797337634e-02 -2.620375823738577e-01
3.921291265728897e+01 5.293331838203217e-04 -2.626884991176185e-01
3.930410547742220e+01 -2.341398947327178e-02 -2.622430627998942e-01
3.939529829755543e+01 -4.726680017214794e-02 -2.607044649470566e-01
3.948649111768867e+01 -7.092978343609675e-02 -2.580818706037753e-01
3.957768393782190e+01 -9.430472605010361e-02 -2.543902552947072e-01
3.966887675795513e+01 -1.172950365765278e-01 -2.496501657523739e-01
3.976006957808836e+01 -1.398062398754326e-01 -2.438874125400014e-01
3.985126239822159e+01 -1.617464408686159e-01 -2.371327047368790e-01
3.994245521835482e+01 -1.830267527895250e-01 -2.294212384373423e-01
4.003364803848805e+01 -2.035616862856943e-01 -2.207922518844526e-01
4.012484085862128e+01 -2.232694969377430e-01 -2.112885605867413e-01
4.021603367875451e+01 -2.420724899796028e-01 -2.009560857511542e-01
4.030722649888774e+01 -2.598972822001006e-01 -1.898433888349083e-01
4.039841931902097e+01 -2.766750221314588e-01 -1.780012240240125e-01
4.048961213915420e+01 -2.923415706463635e-01 -1.654821190556501e-01
4.058080495928743e+01 -3.068376449595542e-01 -1.523399930969087e-01
4.067199777942066e+01 -3.201089297377454e-01 -1.386298184615556e-01
4.076319059955389e+01 -3.321061595465603e-01 -1.244073308788956e-01
4.085438341968712e+01 -3.427851771965085e-01 -1.097287909098147e-01
4.094557623982035e+01 -3.521069726908305e-01 -9.465079701320439e-02
4.103676905995358e+01 -3.600377074319282e-01 -7.923014876953749e-02
4.112796188008681e+01 -3.665487281215167e-01 -6.352375692466299e-02
4.121915470022004e+01 -3.716165744086501e-01 -4.758859527159810e-02
4.131034752035327e+01 -3.752229838191646e-01 -3.148168797588281e-02
4.140154034048650e+01 -3.773548968622882e-01 -1.526012479573561e-02
4.149273316061973e+01 -3.780044644795200e-01 1.018904231733894e-03
4.158392598075296e+01 -3.771690592028864e-01 1.729806366288195e-02
4.167511880088619e+01 -3.748512905504958e-01 3.351982641027910e-02
4.176631162101942e+01 -3.710590243333068e-01 4.962643574552472e-02
4.185750444115265e+01 -3.658054047045086e-01 6.555988462277042e-02
4.194869726128588e+01 -3.591088769778131e-01 8.126192085294091e-02
4.203989008141911e+01 -3.509932084986221e-01 9.667408583464646e-02
4.213108290155234e+01 -3.414875041968565e-01 1.117377934624562e-01
4.222227572168557e+01 -3.306262129053323e-01 1.263944545033876e-01
4.231346854181880e+01 -3.184491201142361e-01 1.405856501811975e-01
4.240466136195203e+01 -3.050013225693447e-01 1.542533569659834e-01
4.249585418208526e+01 -2.903331800248345e-01 1.673402226732490e-01
4.258704700221849e+01 -2.745002395424396e-01 1.797898919812439e-01
4.267823982235172e+01 -2.575631279940377e-01 1.915473774373247e-01
4.276943264248495e+01 -2.395874088752834e-01 2.025594700119420e-01
4.286062546261818e+01 -2.206434001678858e-01 2.127751813490414e-01
4.295181828275141e+01 -2.008059507845164e-01 2.221462081356030e-01
4.304301110288464e+01 -1.801541740725956e-01 2.306274075534779e-01
4.313420392301787e+01 -1.587711379133842e-01 2.381772716629737e-01
4.322539674315110e+01 -1.367435120960366e-01 2.447583878705401e-01
4.331658956328433e+01 -1.141611748318605e-01 2.503378724090492e-01
4.340778238341756e+01 -9.111678145695291e-02 2.548877640458885e-01
4.349897520355079e+01 -6.770529950425508e-02 2.583853660450331e-01
4.359016802368402e+01 -4.402351536148390e-02 2.608135257313386e-01
4.368136084381725e+01 -2.016951862439801e-02 2.621608427973580e-01
4.377255366395048e+01 3.757829034495854e-03 2.624217996866403e-01
4.386374648408371e+01 2.765943316595518e-02 2.615968098899560e-01
4.395493930421694e+01 5.143650643924762e-02 2.596921826901140e-01
4.404613212435017e+01 7.499110155190505e-02 2.567200056621076e-01
4.413732494448340e+01 9.822662981706662e-02 2.526979489484801e-01
4.422851776461663e+01 1.210483585752387e-01 2.476489978585473e-01
4.431971058474986e+01 1.433638812788059e-01 2.416011225693151e-01
4.441090340488309e+01 1.650835549850003e-01 2.345868955387981e-01
4.450209622501632e+01 1.861209010266100e-01 2.266430686060247e-01
4.459328904514955e+01 2.063929657643917e-01 2.178101226006636e-01
4.468448186528278e+01 2.258206395129886e-01 2.081318026019598e-01
4.477567468541601e+01 2.443289329249432e-01 1.976546517823186e-01
4.486686750554924e+01 2.618472112690594e-01 1.864275560813480e-01
4.495806032568247e+01 2.783093881081189e-01 1.745013108381681e-01
4.504925314581570e+01 2.936540808309255e-01 1.619282190356300e-01
4.514044596594893e+01 3.078247312960362e-01 1.487617290619825e-01
4.523163878608216e+01 3.207696954783086e-01 1.350561179599387e-01
4.532283160621540e+01 3.324423064613733e-01 1.208662240957459e-01
4.541402442634863e+01 3.428009153837731e-01 1.062472311223519e-01
4.550521724648186e+01 3.518089150252555e-01 9.125450310353055e-02
4.559641006661509e+01 3.594347506201375e-01 7.594346877201037e-02
4.568760288674832e+01 3.656519222195491e-01 6.036955116520167e-02
4.577879570688155e+01 3.704389825105750e-01 4.458813735676920e-02
4.586998852701478e+01 3.737795334578893e-01 2.865458171037829e-02
4.596118134714801e+01 3.756622244846776e-01 1.262423504362362e-02
4.605237416728124e+01 3.760807541782203e-01 -3.447508681941944e-03
4.614356698741447e+01 3.750338767160953e-01 -1.950515702795384e-02
4.623475980754770e+01 3.725254133865598e-01 -3.549306421092931e-02
4.632595262768093e+01 3.685642687463433e-01 -5.135538575602290e-02
4.641714544781416e+01 3.631644501456668e-01 -6.703605141031105e-02
4.650833826794739e+01 3.563450885781616e-01 -8.247876446900057e-02
4.659953108808062e+01 3.481304581061993e-01 -9.762703482870032e-02
4.669072390821385e+01 3.385499904927017e-01 -1.124242519997092e-01
4.678191672834708e+01 3.276382811602058e-01 -1.268138030009059e-01
4.687310954848031e+01 3.154350822164572e-01 -1.407392385488344e-01
4.696430236861354e+01 3.019852780503769e-01 -1.541444892666676e-01
4.705549518874677e+01 2.873388389270753e-01 -1.669741318169230e-01
4.714668800888000e+01 2.715507481059986e-01 -1.791737029512264e-01
4.723788082901323e+01 2.546808982778681e-01 -1.906900575274456e-01
4.732907364914646e+01 2.367939535638789e-01 -2.014717646341615e-01
4.742026646927969e+01 2.179591739384286e-01 -2.114695341567285e-01
4.751145928941292e+01 1.982501997114567e-01 -2.206366644946062e-01
4.760265210954615e+01 1.777447946182280e-01 -2.289295007735825e-01
4.769384492967938e+01 1.565245470860952e-01 -2.363078918628803e-01
4.778503774981261e+01 1.346745303460543e-01 -2.427356338714542e-01
4.787623056994584e+01 1.122829231929601e-01 -2.481808876121230e-01
4.796742339007907e+01 8.944059432937480e-02 -2.526165578203358e-01
4.805861621021230e+01 6.624065430934957e-02 -2.560206227078734e-01
4.814980903034553e+01 4.277798008522544e-02 -2.583764037071284e-01
4.824100185047876e+01 1.914871801047309e-02 -2.596727669790847e-01
4.833219467061199e+01 -4.550228172884760e-03 -2.599042503526762e-01
4.842338749074522e+01 -2.822171736314092e-02 -2.590711117471355e-01
4.851458031087845e+01 -5.176889190098341e-02 -2.571792976965923e-01
4.860577313101168e+01 -7.509569189585252e-02 -2.542403332301114e-01
4.869696595114491e+01 -9.810735606036475e-02 -2.502711369385827e-01
4.878815877127814e+01 -1.207109024973466e-01 -2.452937674635563e-01
4.887935159141137e+01 -1.428155835518448e-01 -2.393351097639626e-01
4.897054441154460e+01 -1.643333096852672e-01 -2.324265112634796e-01
4.906173723167783e+01 -1.851790383131255e-01 -2.246033792851218e-01
4.915293005181106e+01 -2.052711246291150e-01 -2.159047519968879e-01
4.924412287194429e+01 -2.245316325711274e-01 -2.063728554062530e-01
4.933531569207752e+01 -2.428866052235997e-01 -1.960526587611709e-01
4.942650851221075e+01 -2.602662950516170e-01 -1.849914400738552e-01
4.951770133234398e+01 -2.766053553856077e-01 -1.732383724333928e-01
4.960889415247721e+01 -2.918429954869927e-01 -1.608441403814818e-01
4.970008697261044e+01 -3.059231022970745e-01 -1.478605939691274e-01
4.979127979274367e+01 -3.187943325833299e-01 -1.343404462721408e-01
4.988247261287690e+01 -3.304101796360743e-01 -1.203370182005514e-01
4.997366543301013e+01 -3.407290189283334e-01 -1.059040324679010e-01

