# uniform1 uniform2 gaussian1 gaussian2
  0.758647 0.758639 0.329530 1.200500
  0.199099 0.244014 -0.133614 -0.276244
  0.329450 0.451321 0.136793 -0.869396
  0.362558 0.601164 0.640470 -1.293541
  0.771247 0.116832 0.507718 0.071179
  0.568591 0.105103 0.661904 -0.347099
  0.687813 0.149617 0.779620 -0.987014
  0.889875 0.992511 0.177967 -0.921707
  0.074148 0.724207 -0.517832 -1.061286
  0.745586 0.417255 -1.542718 -0.903343
  0.272201 0.984856 -0.384102 -1.604413
  0.098276 0.745889 -0.530255 -0.795146
  0.313484 0.914268 0.053651 1.115974
  0.457931 0.000046 -0.536659 0.910117
  0.958242 0.405834 -0.370006 0.679797
  0.997806 0.072797 0.725953 -0.516827
  0.914605 0.773761 0.931454 -0.643656
  0.610236 0.233208 0.580569 -0.548444
  0.119740 0.926520 -1.232187 1.220910
  0.402404 0.910450 0.473466 -0.162554
  0.884429 0.076502 -0.363968 -1.169224
  0.454285 0.592363 -1.441787 1.052774
  0.206399 0.185959 0.823860 2.130287
  0.294566 0.939039 -0.996081 -0.656380
  0.208347 0.339768 -0.789147 -0.820117
  0.699416 0.535459 1.439579 -0.508001
  0.016280 0.229420 0.432913 -0.282221
  0.655933 0.066302 -2.258237 0.929428
  0.485885 0.810894 0.858600 -0.348050
  0.583860 0.427325 -1.312382 0.867484
  0.626168 0.621285 2.061567 -0.812129
  0.018960 0.852502 -0.351807 -0.051035
  0.809557 0.782467 0.647297 -1.350277
  0.556721 0.355275 -0.451282 -0.100514
  0.744874 0.813443 -0.186145 -0.070932
  0.653052 0.994345 -1.395327 -0.222690
  0.154963 0.347079 0.879560 0.527297
  0.849488 0.707183 0.489200 -0.886193
  0.915306 0.666894 -0.367420 -0.086869
  0.054708 0.832671 -1.768956 0.890929
  0.273340 0.838649 1.718936 -0.032787
  0.603076 0.633485 1.120592 -0.888457
  0.325645 0.507793 1.613158 -0.975995
  0.128989 0.444495 -1.414460 0.318383
  0.765876 0.005033 -1.443752 -0.696465
  0.860073 0.826164 1.237512 -0.450726
  0.671574 0.900018 -0.189301 -0.559869
  0.442359 0.649772 -0.127786 0.881039
  0.637611 0.938719 -0.529405 -1.358561
  0.756103 0.665179 1.213011 1.977559
  0.490738 0.320429 1.141694 -0.446337
  0.665263 0.205681 0.216416 0.698572
  0.498013 0.158283 2.209352 1.229571
  0.723671 0.082666 -0.394229 0.759644
  0.887499 0.987081 0.503025 2.060348
  0.759867 0.845094 0.137260 0.441696
  0.591175 0.644911 -1.135119 -0.028027
  0.847050 0.073657 -0.041942 0.795789
  0.578624 0.156224 1.080718 1.156454
  0.630548 0.314083 1.284678 -0.190135
  0.833356 0.738554 1.740186 0.820586
  0.043954 0.472909 -0.477557 0.156659
  0.260985 0.835880 0.408795 -1.184335
  0.563778 0.593290 -0.014884 0.259480
  0.947671 0.410546 0.217400 -1.071222
  0.667087 0.491924 0.435885 0.346912
  0.659877 0.653180 1.966591 0.744463
  0.991901 0.978823 -1.598389 -1.211653
  0.964115 0.264667 0.698025 -0.467350
  0.240877 0.242154 0.103291 0.361571
  0.574611 0.900514 -1.781964 -0.212728
  0.890141 0.917504 0.265706 0.098946
  0.890376 0.740998 0.365853 0.963627
  0.523341 0.244541 -1.418588 -1.144861
  0.173328 0.214216 1.557004 -0.245693
  0.465613 0.226208 2.455300 1.617661
  0.069746 0.622971 0.800017 0.527965
  0.371131 0.034348 1.113178 0.127229
  0.790054 0.297279 0.124387 0.568812
  0.191836 0.311292 -0.110506 0.333449
  0.597546 0.527112 0.987993 0.692333
  0.115642 0.212894 0.702307 1.314595
  0.389190 0.746882 -0.249739 1.858772
  0.636673 0.978359 0.659939 0.384237
  0.921974 0.985104 0.597874 -1.922602
  0.071019 0.979102 0.507068 -0.077992
  0.550207 0.222154 0.023596 0.281001
  0.903865 0.787718 1.474846 -0.542454
  0.968551 0.775211 0.384747 -1.396329
  0.896508 0.522795 -0.870273 1.675694
  0.317235 0.894288 0.106375 0.574566
  0.637691 0.028247 1.224341 1.945542
  0.518604 0.089422 -0.988497 -1.165068
  0.327131 0.985243 0.191527 -0.613735
  0.583466 0.362974 1.099889 0.639761
  0.170104 0.534391 0.964577 -0.980013
  0.713130 0.603334 0.000053 -0.410131
  0.170767 0.257844 0.041900 -1.948211
  0.565304 0.758069 -0.263625 -0.629544
  0.489232 0.291329 -0.324985 -1.414448
  0.155843 0.891777 -0.497105 -1.950887
  0.360219 0.026975 -0.048610 -0.142868
  0.088895 0.664908 -0.544954 -1.004995
  0.639144 0.790470 -1.065563 -0.987551
  0.213744 0.168264 0.609409 0.164693
  0.688985 0.380379 0.683727 0.731794
  0.996138 0.263330 -0.453848 -0.433932
  0.600569 0.003651 0.439721 0.922202
  0.768329 0.562996 -0.252474 -0.819604
  0.952423 0.958371 1.662096 1.081241
  0.102092 0.164348 -0.395602 1.335570
  0.670952 0.758683 -0.593514 -0.566199
  0.671213 0.462913 0.609659 -1.307460
  0.206102 0.075191 -1.302524 -2.506967
  0.998068 0.872632 0.510271 0.267519
  0.336251 0.000399 0.720960 -0.123652
  0.406165 0.015403 0.242563 0.493820
  0.566541 0.219298 -0.123785 -1.159966
  0.414207 0.589381 2.190864 -0.451650
  0.593563 0.247146 0.617128 0.079730
  0.446676 0.515462 2.616735 -0.220484
  0.538477 0.736590 0.063253 1.331644
  0.723937 0.939075 -1.299050 -1.260021
  0.228668 0.400366 -0.043485 -1.188767
  0.099503 0.789839 1.053020 1.231580
  0.098452 0.789955 1.045045 1.875882
  0.466658 0.206721 1.016555 -0.182315
  0.338935 0.479483 -0.979312 1.134140
  0.669074 0.261361 0.438688 0.313971
  0.210652 0.481483 -0.291155 -1.203365
  0.871113 0.821591 -0.069671 -0.839785
  0.332945 0.189892 -1.039060 -0.234198
  0.508741 0.897087 -0.075437 0.081825
  0.255007 0.917570 -1.538232 1.342353
  0.699466 0.620218 -0.117700 0.724250
  0.361453 0.868313 -0.304936 -0.581863
  0.058754 0.557221 -0.320227 1.093894
  0.684445 0.145339 -0.900207 2.261185
  0.635838 0.365594 0.730052 -1.051911
  0.937801 0.298227 -0.253907 0.825707
  0.520706 0.509911 -2.909042 -0.910451
  0.288277 0.037131 0.171037 -0.225687
  0.430273 0.172030 -0.546444 -1.136293
  0.174416 0.031503 -1.334911 1.122629
  0.361221 0.278020 0.219417 1.087534
  0.000339 0.799825 0.494442 -0.400800
  0.462114 0.429275 0.554115 1.944197
  0.308332 0.412735 -0.951945 1.841348
  0.085383 0.946553 0.628418 -0.918376
  0.582733 0.103721 0.532624 1.206214
  0.324002 0.391955 0.960528 -0.988413
  0.758672 0.647024 1.292872 0.209455
  0.587367 0.641343 -1.702975 0.593894
  0.797710 0.614925 1.651170 1.212737
  0.356646 0.021596 -0.137665 0.260316
  0.441219 0.803154 0.409964 -0.794989
  0.393969 0.176557 -0.593425 0.362748
  0.304348 0.312166 3.421851 -0.472228
  0.759894 0.703718 -2.178022 -0.268432
  0.582885 0.900787 1.049054 0.954153
  0.598618 0.197951 0.388112 1.536933
  0.514678 0.905627 -0.502698 1.579149
  0.369764 0.524226 -0.538380 0.520226
  0.351011 0.422322 -0.991386 0.390802
  0.275866 0.526888 -1.308744 -0.079496
  0.978866 0.724515 -0.068113 -0.295247
  0.042396 0.224330 0.346701 0.529380
  0.213266 0.256705 -1.688547 -0.044324
  0.858718 0.704142 -0.878193 -0.165973
  0.291822 0.555076 1.794771 1.473391
  0.549279 0.247526 -0.605237 1.220901
  0.433081 0.394679 1.037617 1.046471
  0.481733 0.391454 -0.964118 -0.711437
  0.028541 0.863649 0.365652 0.180734
  0.029633 0.480680 -0.000153 -0.441865
  0.042616 0.624538 -1.612671 1.009868
  0.096218 0.407925 -0.061166 -1.033279
  0.393097 0.606262 0.224244 0.894348
  0.707421 0.827193 0.459178 -3.200114
  0.460832 0.292823 1.772130 -0.088685
  0.614765 0.974563 1.849874 -2.407276
  0.562943 0.734463 -0.183944 0.491412
  0.834162 0.595730 2.003610 0.580410
  0.667828 0.638370 -0.567739 0.770458
  0.060907 0.201027 -0.314042 0.626458
  0.388676 0.433291 -2.599771 -0.194589
  0.731641 0.925034 0.694342 -0.932693
  0.603102 0.980033 -0.577227 -1.083933
  0.365534 0.339397 0.208856 -0.715352
  0.157142 0.215813 0.707191 -1.237539
  0.926812 0.709538 -0.469644 -0.307161
  0.495223 0.037315 -1.984135 -0.394003
  0.114863 0.952616 0.809425 0.437989
  0.776469 0.436097 0.566546 0.842232
  0.643781 0.025148 1.078505 0.811853
  0.798450 0.243990 -0.648924 1.057026
  0.658545 0.738032 -0.850880 -0.203972
  0.041774 0.434007 0.172937 -0.314613
  0.263350 0.584979 1.045374 -0.661165
  0.220930 0.678776 -2.289969 -0.696864
